0,0,2,21.09.2019
0,1,3,21.09.2019
0,2,3,21.09.2019
0,3,4,21.09.2019
0,4,4,21.09.2019
0,5,5,21.09.2019
0,6,4,21.09.2019
1,0,5,21.09.2019
1,1,2,21.09.2019
1,2,5,21.09.2019
1,3,3,21.09.2019
1,4,5,21.09.2019
1,5,3,21.09.2019
1,6,5,21.09.2019
2,0,4,21.09.2019
2,1,2,21.09.2019
2,2,4,21.09.2019
2,3,2,21.09.2019
2,4,5,21.09.2019
2,5,5,21.09.2019
2,6,5,21.09.2019
3,0,2,21.09.2019
3,1,5,21.09.2019
3,2,5,21.09.2019
3,3,4,21.09.2019
3,4,3,21.09.2019
3,5,3,21.09.2019
3,6,3,21.09.2019
4,0,2,21.09.2019
4,1,3,21.09.2019
4,2,5,21.09.2019
4,3,3,21.09.2019
4,4,2,21.09.2019
4,5,5,21.09.2019
4,6,3,21.09.2019